# Default initial positions for ada's ros2_control fake system

initial_positions:
  j2n6s200_joint_1: 0
  j2n6s200_joint_2: 3.1415926
  j2n6s200_joint_3: 3.1415926
  j2n6s200_joint_4: 0
  j2n6s200_joint_5: 0
  j2n6s200_joint_6: 0
  j2n6s200_joint_finger_1: 1.317
  j2n6s200_joint_finger_2: 1.42172